       4729.8599
       4731.8238
       4733.7822
       4735.7351
       4737.6824
       4739.6242
       4741.5605
       4743.4913
       4745.4166
       4747.3364
       4749.2507
       4751.1595
       4753.0628
       4754.9606
       4756.8530
       4758.7398
       4760.6212
       4762.4971
       4764.3675
       4766.2325
       4768.0920
       4769.9460
       4771.7946
       4773.6377
       4775.4754
       4777.3076
       4779.1344
       4780.9557
       4782.7716
       4784.5821
       4786.3871
       4788.1867
       4789.9809
       4791.7697
       4793.5530
       4795.3310
       4797.1035
       4798.8706
       4800.6324
       4802.3887
       4804.1396
       4805.8852
       4807.6253
       4809.3601
       4811.0895
       4812.8135
       4814.5321
       4816.2454
       4817.9533
       4819.6559
       4821.3530
       4823.0449
       4824.7314
       4826.4125
       4828.0883
       4829.7588
       4831.4239
       4833.0837
       4834.7382
       4836.3873
       4838.0312
       4839.6697
       4841.3029
       4842.9308
       4844.5534
       4846.1707
       4847.7827
       4849.3894
       4850.9908
       4852.5870
       4854.1779
       4855.7634
       4857.3438
       4858.9188
       4860.4886
       4862.0532
       4863.6124
       4865.1665
       4866.7153
       4868.2588
       4869.7971
       4871.3302
       4872.8580
       4874.3806
       4875.8980
       4877.4102
       4878.9172
       4880.4189
       4881.9155
       4883.4068
       4884.8930
       4886.3740
       4887.8498
       4889.3204
       4890.7858
       4892.2460
       4893.7011
       4895.1510
       4896.5958
       4898.0353
       4899.4698
       4900.8991
       4902.3232
       4903.7422
       4905.1561
       4906.5648
       4907.9685
       4909.3670
       4910.7603
       4912.1486
       4913.5318
       4914.9098
       4916.2828
       4917.6506
       4919.0134
       4920.3711
       4921.7237
       4923.0712
       4924.4136
       4925.7510
       4927.0833
       4928.4106
       4929.7328
       4931.0499
       4932.3620
       4933.6691
       4934.9711
       4936.2681
       4937.5601
       4938.8471
       4940.1290
       4941.4059
       4942.6778
       4943.9447
       4945.2066
       4946.4636
       4947.7155
       4948.9624
       4950.2044
       4951.4414
       4952.6734
       4953.9004
       4955.1225
       4956.3396
       4957.5518
       4958.7590
       4959.9613
       4961.1586
       4962.3510
       4963.5385
       4964.7211
       4965.8987
       4967.0715
       4968.2393
       4969.4022
       4970.5602
       4971.7133
       4972.8615
       4974.0049
       4975.1433
       4976.2769
       4977.4056
       4978.5295
       4979.6485
       4980.7626
       4981.8719
       4982.9763
       4984.0759
       4985.1707
       4986.2606
       4987.3457
       4988.4259
       4989.5014
       4990.5720
       4991.6379
       4992.6989
       4993.7552
       4994.8066
       4995.8533
       4996.8951
       4997.9322
       4998.9646
       4999.9921
       5001.0149
       5002.0329
       5003.0462
       5004.0548
       5005.0585
       5006.0576
       5007.0519
       5008.0415
       5009.0264
       5010.0065
       5010.9820
       5011.9527
       5012.9188
       5013.8801
       5014.8367
       5015.7887
       5016.7360
       5017.6785
       5018.6165
       5019.5497
       5020.4783
       5021.4023
       5022.3215
       5023.2362
       5024.1462
       5025.0515
       5025.9523
       5026.8484
       5027.7398
       5028.6267
       5029.5090
       5030.3866
       5031.2596
       5032.1281
       5032.9920
       5033.8512
       5034.7059
       5035.5560
       5036.4016
       5037.2426
       5038.0790
       5038.9109
       5039.7382
       5040.5610
       5041.3792
       5042.1929
       5043.0021
       5043.8068
       5044.6069
       5045.4025
       5046.1936
       5046.9802
       5047.7624
       5048.5400
       5049.3131
       5050.0818
       5050.8459
       5051.6057
       5052.3609
       5053.1117
       5053.8580
       5054.5999
       5055.3373
       5056.0703
       5056.7989
       5057.5230
       5058.2427
       5058.9580
       5059.6688
       5060.3753
       5061.0774
       5061.7750
       5062.4683
       5063.1572
       5063.8417
       5064.5218
       5065.1976
       5065.8689
       5066.5360
       5067.1986
       5067.8570
       5068.5109
       5069.1606
       5069.8059
       5070.4468
       5071.0835
       5071.7158
       5072.3438
       5072.9675
       5073.5869
       5074.2021
       5074.8129
       5075.4194
       5076.0217
       5076.6196
       5077.2133
       5077.8028
       5078.3880
       5078.9689
       5079.5456
       5080.1180
       5080.6862
       5081.2501
       5081.8099
       5082.3654
       5082.9167
       5083.4637
       5084.0066
       5084.5453
       5085.0798
       5085.6100
       5086.1361
       5086.6581
       5087.1758
       5087.6894
       5088.1988
       5088.7041
       5089.2052
       5089.7021
       5090.1949
       5090.6836
       5091.1681
       5091.6485
       5092.1248
       5092.5970
       5093.0651
       5093.5291
       5093.9889
       5094.4447
       5094.8964
       5095.3440
       5095.7875
       5096.2269
       5096.6623
       5097.0936
       5097.5209
       5097.9441
       5098.3633
       5098.7784
       5099.1895
       5099.5966
       5099.9996
       5100.3986
       5100.7936
       5101.1846
       5101.5716
       5101.9546
       5102.3336
       5102.7086
       5103.0796
       5103.4467
       5103.8098
       5104.1689
       5104.5241
       5104.8753
       5105.2226
       5105.5659
       5105.9053
       5106.2407
       5106.5722
       5106.8998
       5107.2235
       5107.5433
       5107.8591
       5108.1711
       5108.4791
       5108.7833
       5109.0836
       5109.3800
       5109.6726
       5109.9612
       5110.2460
       5110.5270
       5110.8041
       5111.0773
       5111.3468
       5111.6123
       5111.8741
       5112.1320
       5112.3861
       5112.6364
       5112.8829
       5113.1255
       5113.3644
       5113.5995
       5113.8308
       5114.0583
       5114.2820
       5114.5020
       5114.7182
       5114.9306
       5115.1393
       5115.3442
       5115.5454
       5115.7428
       5115.9365
       5116.1265
       5116.3128
       5116.4953
       5116.6741
       5116.8493
       5117.0207
       5117.1884
       5117.3524
       5117.5128
       5117.6694
       5117.8224
       5117.9717
       5118.1174
       5118.2594
       5118.3977
       5118.5324
       5118.6635
       5118.7909
       5118.9147
       5119.0348
       5119.1514
       5119.2643
       5119.3736
       5119.4793
       5119.5814
       5119.6799
       5119.7748
       5119.8661
       5119.9539
       5120.0380
       5120.1186
       5120.1957
       5120.2692
       5120.3391
       5120.4055
       5120.4684
       5120.5277
       5120.5834
       5120.6357
       5120.6844
       5120.7296
       5120.7714
       5120.8096
       5120.8443
       5120.8755
       5120.9032
       5120.9274
       5120.9482
       5120.9655
       5120.9793
       5120.9896
       5120.9965
       5121.0000
       5121.0000
       5120.9966
       5120.9897
       5120.9794
       5120.9657
       5120.9485
       5120.9279
       5120.9040
       5120.8766
       5120.8458
       5120.8116
       5120.7741
       5120.7331
       5120.6888
       5120.6411
       5120.5901
       5120.5356
       5120.4779
       5120.4167
       5120.3523
       5120.2844
       5120.2133
       5120.1388
       5120.0610
       5119.9799
       5119.8954
       5119.8077
       5119.7166
       5119.6223
       5119.5246
       5119.4237
       5119.3194
       5119.2119
       5119.1012
       5118.9871
       5118.8698
       5118.7492
       5118.6254
       5118.4984
       5118.3681
       5118.2345
       5118.0977
       5117.9577
       5117.8145
       5117.6681
       5117.5184
       5117.3656
       5117.2095
       5117.0503
       5116.8879
       5116.7222
       5116.5534
       5116.3814
       5116.2063
       5116.0280
       5115.8465
       5115.6619
       5115.4741
       5115.2832
       5115.0891
       5114.8920
       5114.6916
       5114.4882
       5114.2816
       5114.0720
       5113.8592
       5113.6433
       5113.4243
       5113.2023
       5112.9771
       5112.7489
       5112.5175
       5112.2831
       5112.0457
       5111.8052
       5111.5616
       5111.3150
       5111.0653
       5110.8126
       5110.5568
       5110.2980
       5110.0362
       5109.7714
       5109.5035
       5109.2327
       5108.9588
       5108.6820
       5108.4021
       5108.1192
       5107.8334
       5107.5446
       5107.2528
       5106.9580
       5106.6603
       5106.3596
       5106.0560
       5105.7494
       5105.4398
       5105.1274
       5104.8119
       5104.4936
       5104.1723
       5103.8481
       5103.5210
       5103.1910
       5102.8581
       5102.5222
       5102.1835
       5101.8419
       5101.4974
       5101.1500
       5100.7998
       5100.4467
       5100.0907
       5099.7318
       5099.3701
       5099.0056
       5098.6382
       5098.2679
       5097.8948
       5097.5189
       5097.1402
       5096.7586
       5096.3743
       5095.9871
       5095.5971
       5095.2043
       5094.8087
       5094.4103
       5094.0092
       5093.6052
       5093.1985
       5092.7890
       5092.3767
       5091.9617
       5091.5439
       5091.1234
       5090.7001
       5090.2741
       5089.8453
       5089.4138
       5088.9796
       5088.5426
       5088.1030
       5087.6606
       5087.2155
       5086.7677
       5086.3172
       5085.8641
       5085.4082
       5084.9496
       5084.4884
       5084.0245
       5083.5579
       5083.0887
       5082.6167
       5082.1422
       5081.6650
       5081.1851
       5080.7026
       5080.2175
       5079.7297
       5079.2393
       5078.7463
       5078.2507
       5077.7524
       5077.2516
       5076.7481
       5076.2421
       5075.7334
       5075.2222
       5074.7084
       5074.1920
       5073.6730
       5073.1514
       5072.6273
       5072.1007
       5071.5714
       5071.0397
       5070.5053
       5069.9685
       5069.4291
       5068.8872
       5068.3427
       5067.7957
       5067.2462
       5066.6942
       5066.1397
       5065.5827
       5065.0232
       5064.4611
       5063.8966
       5063.3296
       5062.7602
       5062.1882
       5061.6138
       5061.0369
       5060.4576
       5059.8758
       5059.2915
       5058.7048
       5058.1157
       5057.5241
       5056.9301
       5056.3336
       5055.7347
       5055.1334
       5054.5297
       5053.9236
       5053.3151
       5052.7041
       5052.0908
       5051.4751
       5050.8570
       5050.2365
       5049.6136
       5048.9884
       5048.3608
       5047.7308
       5047.0985
       5046.4638
       5045.8267
       5045.1873
       5044.5456
       5043.9015
       5043.2551
       5042.6063
       5041.9553
       5041.3019
       5040.6462
       5039.9882
       5039.3279
       5038.6652
       5038.0003
       5037.3331
       5036.6636
       5035.9918
       5035.3178
       5034.6414
       5033.9628
       5033.2820
       5032.5988
       5031.9134
       5031.2258
       5030.5359
       5029.8437
       5029.1494
       5028.4528
       5027.7539
       5027.0528
       5026.3495
       5025.6440
       5024.9363
       5024.2264
       5023.5142
       5022.7999
       5022.0834
       5021.3646
       5020.6437
       5019.9206
       5019.1954
       5018.4679
       5017.7383
       5017.0065
       5016.2726
       5015.5365
       5014.7982
       5014.0579
       5013.3153
       5012.5706
       5011.8238
       5011.0749
       5010.3238
       5009.5706
       5008.8153
       5008.0579
       5007.2984
       5006.5367
       5005.7730
       5005.0072
       5004.2392
       5003.4692
       5002.6971
       5001.9230
       5001.1467
       5000.3684
       4999.5880
       4998.8056
       4998.0211
       4997.2345
       4996.4459
       4995.6552
       4994.8626
       4994.0678
       4993.2711
       4992.4723
       4991.6715
       4990.8686
       4990.0638
       4989.2569
       4988.4481
       4987.6372
       4986.8243
       4986.0095
       4985.1926
       4984.3738
       4983.5530
       4982.7302
       4981.9054
       4981.0787
       4980.2500
       4979.4193
       4978.5867
       4977.7521
       4976.9156
       4976.0771
       4975.2367
       4974.3943
       4973.5500
       4972.7038
       4971.8557
       4971.0056
       4970.1537
       4969.2998
       4968.4440
       4967.5863
       4966.7267
       4965.8652
       4965.0018
       4964.1366
       4963.2694
       4962.4004
       4961.5295
       4960.6567
       4959.7820
       4958.9055
       4958.0272
       4957.1469
       4956.2649
       4955.3809
       4954.4952
       4953.6076
       4952.7181
       4951.8269
       4950.9338
       4950.0388
       4949.1421
       4948.2435
       4947.3432
       4946.4410
       4945.5370
       4944.6312
       4943.7236
       4942.8143
       4941.9031
       4940.9902
       4940.0754
       4939.1590
       4938.2407
       4937.3206
       4936.3988
       4935.4753
       4934.5500
       4933.6229
       4932.6941
       4931.7635
       4930.8312
       4929.8972
       4928.9614
       4928.0239
       4927.0847
       4926.1437
       4925.2010
       4924.2567
       4923.3106
       4922.3628
       4921.4133
       4920.4621
       4919.5092
       4918.5546
       4917.5983
       4916.6403
       4915.6807
       4914.7194
       4913.7564
       4912.7918
       4911.8255
       4910.8575
       4909.8878
       4908.9166
       4907.9436
       4906.9690
       4905.9928
       4905.0150
       4904.0355
       4903.0543
       4902.0716
       4901.0872
       4900.1012
       4899.1136
       4898.1244
       4897.1336
       4896.1411
       4895.1471
       4894.1515
       4893.1543
       4892.1555
       4891.1551
       4890.1531
       4889.1495
       4888.1444
       4887.1377
       4886.1294
       4885.1196
       4884.1082
       4883.0952
       4882.0807
       4881.0647
       4880.0471
       4879.0279
       4878.0073
       4876.9850
       4875.9613
       4874.9360
       4873.9092
       4872.8809
       4871.8511
       4870.8198
       4869.7869
       4868.7525
       4867.7167
       4866.6793
       4865.6405
       4864.6001
       4863.5583
       4862.5150
       4861.4702
       4860.4239
       4859.3761
       4858.3269
       4857.2762
       4856.2241
       4855.1705
       4854.1154
       4853.0589
       4852.0009
       4850.9415
       4849.8807
       4848.8184
       4847.7547
       4846.6895
       4845.6229
       4844.5549
       4843.4855
       4842.4146
       4841.3424
       4840.2687
       4839.1936
       4838.1171
       4837.0393
       4835.9600
       4834.8793
       4833.7972
       4832.7138
       4831.6290
       4830.5428
       4829.4552
       4828.3662
       4827.2759
       4826.1842
       4825.0911
       4823.9967
       4822.9009
       4821.8038
       4820.7053
       4819.6055
       4818.5044
       4817.4019
       4816.2980
       4815.1929
       4814.0864
       4812.9786
       4811.8694
       4810.7590
       4809.6472
       4808.5341
       4807.4197
       4806.3040
       4805.1870
       4804.0687
       4802.9491
       4801.8282
       4800.7060
       4799.5826
       4798.4578
       4797.3318
       4796.2045
       4795.0759
       4793.9461
       4792.8150
       4791.6826
       4790.5490
       4789.4141
       4788.2779
       4787.1406
       4786.0019
       4784.8620
       4783.7209
       4782.5786
       4781.4350
       4780.2902
       4779.1441
       4777.9969
       4776.8484
       4775.6987
       4774.5478
       4773.3956
       4772.2423
       4771.0878
       4769.9320
       4768.7751
       4767.6169
       4766.4576
       4765.2971
       4764.1354
       4762.9725
       4761.8085
       4760.6432
       4759.4768
       4758.3092
       4757.1405
       4755.9706
       4754.7995
       4753.6273
       4752.4539
       4751.2794
       4750.1037
       4748.9269
       4747.7489
       4746.5698
       4745.3895
       4744.2082
       4743.0257
       4741.8420
       4740.6573
       4739.4714
       4738.2844
       4737.0963
       4735.9071
       4734.7168
       4733.5254
       4732.3328
       4731.1392
       4729.9445
       4728.7487
       4727.5518
       4726.3538
       4725.1547
       4723.9546
       4722.7533
       4721.5510
       4720.3476
       4719.1432
       4717.9377
       4716.7311
       4715.5235
       4714.3148
       4713.1050
       4711.8942
       4710.6824
       4709.4695
       4708.2556
       4707.0406
       4705.8246
       4704.6076
       4703.3895
       4702.1704
       4700.9503
       4699.7291
       4698.5070
       4697.2838
       4696.0596
       4694.8344
       4693.6082
       4692.3810
       4691.1528
       4689.9236
       4688.6934
       4687.4622
       4686.2300
       4684.9969
       4683.7627
